Frame,TimeStamp,AverageLuminance,FlashAreaLuminance,AverageLuminanceDiff,AverageLuminanceDiffAcc,AverageRed,FlashAreaRed,AverageRedDiff,AverageRedDiffAcc,PatternRisk,LuminanceTransitions,RedTransitions,LuminanceExtendedFailCount,RedExtendedFailCount,FlashLuminanceFailedFrame,FlashRedFailedFrame,PatternFailedFrame
1,00:00:00.000000,0.209592,0.000000,0.000000,0.000000,248.135605,0.000000,0.000000,0.000000,0.000000,0,0,0,0,0,0,0 
2,00:00:00.040000,0.209592,0.000000,0.000000,0.000000,248.135605,0.000000,0.000000,0.000000,0.000000,0,0,0,0,0,0,0 
3,00:00:00.080000,0.209592,0.000000,0.000000,0.000000,248.135605,0.000000,0.000000,0.000000,0.000000,0,0,0,0,0,0,0 
4,00:00:00.120000,0.209592,0.000000,0.000000,0.000000,248.135605,0.000000,0.000000,0.000000,0.000000,0,0,0,0,0,0,0 
5,00:00:00.160000,0.206856,1.000000,-0.002737,-0.002737,262.356293,1.000000,14.220688,14.220688,0.000000,0,0,0,0,0,0,0 
6,00:00:00.200000,0.204952,1.000000,-0.001903,-0.004640,276.894409,1.000000,14.538116,28.758804,0.000000,0,1,0,0,0,0,0 
7,00:00:00.240000,0.204729,1.000000,-0.000223,-0.004863,294.727875,1.000000,17.833466,46.592270,0.000000,0,1,0,0,0,0,0 
8,00:00:00.280000,0.203642,1.000000,-0.001087,-0.005951,300.976013,1.000000,6.248138,52.840408,0.000000,0,1,0,0,0,0,0 
9,00:00:00.320000,0.208826,1.000000,0.005185,0.005185,314.320190,1.000000,13.344177,66.184586,0.000000,0,1,0,0,0,0,0 
10,00:00:00.360000,0.208826,0.000000,0.000000,0.005185,314.320190,0.000000,0.000000,66.184586,0.000000,0,1,0,0,0,0,0 
11,00:00:00.400000,0.208826,0.000000,0.000000,0.005185,314.320190,0.000000,0.000000,66.184586,0.000000,0,1,0,0,0,0,0 
12,00:00:00.440000,0.203642,1.000000,-0.005185,-0.005185,300.976013,1.000000,-13.344177,-13.344177,0.000000,0,1,0,0,0,0,0 
13,00:00:00.480000,0.204729,1.000000,0.001087,0.001087,294.727875,1.000000,-6.248138,-19.592316,0.000000,0,1,0,0,0,0,0 
14,00:00:00.520000,0.204952,1.000000,0.000223,0.001311,276.894409,1.000000,-17.833466,-37.425781,0.000000,0,2,0,0,0,0,0 
15,00:00:00.560000,0.206856,1.000000,0.001903,0.003214,262.356293,1.000000,-14.538116,-51.963898,0.000000,0,2,0,0,0,0,0 
16,00:00:00.600000,0.209599,1.000000,0.002743,0.005957,248.127823,1.000000,-14.228470,-66.192368,0.000000,0,2,0,0,0,0,0 
17,00:00:00.640000,0.209599,0.000000,0.000000,0.005957,248.127823,0.000000,0.000000,-66.192368,0.000000,0,2,0,0,0,0,0 
18,00:00:00.680000,0.209599,0.000000,0.000000,0.005957,248.127823,0.000000,0.000000,-66.192368,0.000000,0,2,0,0,0,0,0 
19,00:00:00.720000,0.209598,0.000278,0.000000,0.005957,248.128098,0.000278,0.000000,-66.192368,0.000000,0,2,0,0,0,0,0 
20,00:00:00.760000,0.209598,0.000000,0.000000,0.005957,248.128098,0.000000,0.000000,-66.192368,0.000000,0,2,0,0,0,0,0 
21,00:00:00.800000,0.209598,0.000000,0.000000,0.005957,248.128098,0.000000,0.000000,-66.192368,0.000000,0,2,0,0,0,0,0 
22,00:00:00.840000,0.209598,0.000000,0.000000,0.005957,248.128098,0.000000,0.000000,-66.192368,0.000000,0,2,0,0,0,0,0 
23,00:00:00.880000,0.209598,0.000000,0.000000,0.005957,248.128098,0.000000,0.000000,-66.192368,0.000000,0,2,0,0,0,0,0 
24,00:00:00.920000,0.209598,0.000000,0.000000,0.005957,248.128098,0.000000,0.000000,-66.192368,0.000000,0,2,0,0,0,0,0 
